package Persistence;

/**
 * Enumerator that maps a jpeg quality into two 8x8 quantization tables for luminance and chrominance
 */
public enum JPEG_Quality {
    Q0, Q1, Q2, Q3, Q4, Q5, Q6, Q7, Q8, Q9, Q10, Q11, Q12, MAX, MIN, DEFAULT, JPEGStandard;


    public static final int[][] Luminance00 = { { 32, 33, 51, 81, 66, 39, 34, 17 },
                                              { 33, 36, 48, 47, 28, 23, 12, 12 },
                                              { 51, 48, 47, 28, 23, 12, 12, 12 },
                                              { 81, 47, 28, 23, 12, 12, 12, 12 },
                                              { 66, 28, 23, 12, 12, 12, 12, 12 },
                                              { 39, 23, 12, 12, 12, 12, 12, 12 },
                                              { 34, 12, 12, 12, 12, 12, 12, 12 },
                                              { 17, 12, 12, 12, 12, 12, 12, 12 }
                                            };
                                            
  public static final int[][] Chrominance00 = { { 34, 51, 52, 34, 20, 20, 17, 17 },
                                                { 51, 38, 24, 14, 14, 12, 12, 12 },
                                                { 52, 24, 14, 14, 12, 12, 12, 12 },
                                                { 34, 14, 14, 12, 12, 12, 12, 12 },
                                                { 20, 14, 12, 12, 12, 12, 12, 12 },
                                                { 20, 12, 12, 12, 12, 12, 12, 12 },
                                                { 17, 12, 12, 12, 12, 12, 12, 12 },
                                                { 17, 12, 12, 12, 12, 12, 12, 12 }
                                              };

  public static final int[][] Luminance01 = { { 27, 26, 41, 65, 66, 39, 34, 17 },
                                              { 26, 29, 38, 47, 28, 23, 12, 12 },
                                              { 41, 38, 47, 28, 23, 12, 12, 12 },
                                              { 65, 47, 28, 23, 12, 12, 12, 12 },
                                              { 66, 28, 23, 12, 12, 12, 12, 12 },
                                              { 39, 23, 12, 12, 12, 12, 12, 12 },
                                              { 34, 12, 12, 12, 12, 12, 12, 12 },
                                              { 17, 12, 12, 12, 12, 12, 12, 12 }
                                            };

  public static final int[][] Chrominance01 = { { 29, 41, 52, 34, 20, 20, 17, 17 },
                                                { 41, 38, 24, 14, 14, 12, 12, 12 },
                                                { 52, 24, 14, 14, 12, 12, 12, 12 },
                                                { 34, 14, 14, 12, 12, 12, 12, 12 },
                                                { 20, 14, 12, 12, 12, 12, 12, 12 },
                                                { 20, 12, 12, 12, 12, 12, 12, 12 },
                                                { 17, 12, 12, 12, 12, 12, 12, 12 },
                                                { 17, 12, 12, 12, 12, 12, 12, 12 }
                                              };
                                                
  public static final int[][] Luminance02 = { { 20, 17, 26, 41, 51, 39, 34, 17 },
                                              { 17, 18, 24, 39, 28, 23, 12, 12 },
                                              { 26, 24, 32, 28, 23, 12, 12, 12 },
                                              { 41, 39, 28, 23, 12, 12, 12, 12 },
                                              { 51, 28, 23, 12, 12, 12, 12, 12 },
                                              { 39, 23, 12, 12, 12, 12, 12, 12 },
                                              { 34, 12, 12, 12, 12, 12, 12, 12 },
                                              { 17, 12, 12, 12, 12, 12, 12, 12 }
                                            };

  public static final int[][] Chrominance02 = { { 21, 26, 33, 34, 20, 20, 17, 17 },
                                                { 26, 29, 24, 14, 14, 12, 12, 12 },
                                                { 33, 24, 14, 14, 12, 12, 12, 12 },
                                                { 34, 14, 14, 12, 12, 12, 12, 12 },
                                                { 20, 14, 12, 12, 12, 12, 12, 12 },
                                                { 20, 12, 12, 12, 12, 12, 12, 12 },
                                                { 17, 12, 12, 12, 12, 12, 12, 12 },
                                                { 17, 12, 12, 12, 12, 12, 12, 12 }
                                              };
  
  public static final int[][] Luminance03 = { { 18, 14, 22, 35, 44, 39, 34, 17 },
                                              { 14, 16, 21, 34, 28, 23, 12, 12 },
                                              { 22, 21, 27, 28, 23, 12, 12, 12 },
                                              { 35, 34, 28, 23, 12, 12, 12, 12 },
                                              { 44, 28, 23, 12, 12, 12, 12, 12 },
                                              { 39, 23, 12, 12, 12, 12, 12, 12 },
                                              { 34, 12, 12, 12, 12, 12, 12, 12 },
                                              { 17, 12, 12, 12, 12, 12, 12, 12 }
                                            };

  public static final int[][] Chrominance03 = { { 20, 22, 29, 34, 20, 20, 17, 17 },
                                                { 22, 25, 24, 14, 14, 12, 12, 12 },
                                                { 29, 24, 14, 14, 12, 12, 12, 12 },
                                                { 34, 14, 14, 12, 12, 12, 12, 12 },
                                                { 20, 14, 12, 12, 12, 12, 12, 12 },
                                                { 20, 12, 12, 12, 12, 12, 12, 12 },
                                                { 17, 12, 12, 12, 12, 12, 12, 12 },
                                                { 17, 12, 12, 12, 12, 12, 12, 12 }
                                              };
  
  public static final int[][] Luminance04 = { { 16, 11, 17, 27, 34, 39, 34, 17 },
                                              { 11, 12, 16, 26, 28, 23, 12, 12 },
                                              { 17, 16, 21, 28, 23, 12, 12, 12 },
                                              { 27, 26, 28, 23, 12, 12, 12, 12 },
                                              { 34, 28, 23, 12, 12, 12, 12, 12 },
                                              { 39, 23, 12, 12, 12, 12, 12, 12 },
                                              { 34, 12, 12, 12, 12, 12, 12, 12 },
                                              { 17, 12, 12, 12, 12, 12, 12, 12 } 
                                            };

  public static final int[][] Chrominance04 = { { 17, 17, 22, 34, 20, 20, 17, 17 },
                                                { 17, 19, 22, 14, 14, 12, 12, 12 },
                                                { 22, 22, 14, 14, 12, 12, 12, 12 },
                                                { 34, 14, 14, 12, 12, 12, 12, 12 },
                                                { 20, 14, 12, 12, 12, 12, 12, 12 },
                                                { 20, 12, 12, 12, 12, 12, 12, 12 },
                                                { 17, 12, 12, 12, 12, 12, 12, 12 },
                                                { 17, 12, 12, 12, 12, 12, 12, 12 }
                                              };
  
  public static final int[][] Luminance05 = { { 12, 8,  13, 21, 26, 32, 34, 17 },
                                              { 8,  9,  12, 20, 27, 23, 12, 12 },
                                              { 13, 12, 16, 26, 23, 12, 12, 12 },
                                              { 21, 20, 26, 23, 12, 12, 12, 12 },
                                              { 26, 27, 23, 12, 12, 12, 12, 12 },
                                              { 32, 23, 12, 12, 12, 12, 12, 12 },
                                              { 34, 12, 12, 12, 12, 12, 12, 12 },
                                              { 17, 12, 12, 12, 12, 12, 12, 12 }
                                            };

  public static final int[][] Chrominance05 = { { 13, 13, 17, 27, 20, 20, 17, 17 },
                                                { 13, 14, 17, 14, 14, 12, 12, 12 },
                                                { 17, 17, 14, 14, 12, 12, 12, 12 },
                                                { 27, 14, 14, 12, 12, 12, 12, 12 },
                                                { 20, 14, 12, 12, 12, 12, 12, 12 },
                                                { 20, 12, 12, 12, 12, 12, 12, 12 },
                                                { 17, 12, 12, 12, 12, 12, 12, 12 },
                                                { 17, 12, 12, 12, 12, 12, 12, 12 }
                                              };
  
  public static final int[][] Luminance06 = { { 8,  6,  9,  14, 17, 21, 28, 17 },
                                              { 6,  6,  8,  13, 18, 23, 12, 12 },
                                              { 9,  8,  11, 17, 23, 12, 12, 12 },
                                              { 14, 13, 17, 23, 12, 12, 12, 12 },
                                              { 17, 18, 23, 12, 12, 12, 12, 12 },
                                              { 21, 23, 12, 12, 12, 12, 12, 12 },
                                              { 28, 12, 12, 12, 12, 12, 12, 12 },
                                              { 17, 12, 12, 12, 12, 12, 12, 12 }
                                            };

  public static final int[][] Chrominance06 = { { 9,  9,  11, 18, 20, 20, 17, 17 },
                                                { 9,  10, 11, 14, 14, 12, 12, 12 },
                                                { 11, 11, 14, 14, 12, 12, 12, 12 },
                                                { 18, 14, 14, 12, 12, 12, 12, 12 },
                                                { 20, 14, 12, 12, 12, 12, 12, 12 },
                                                { 20, 12, 12, 12, 12, 12, 12, 12 },
                                                { 17, 12, 12, 12, 12, 12, 12, 12 },
                                                { 17, 12, 12, 12, 12, 12, 12, 12 }
                                              };
  
  public static final int[][] Luminance07 = { { 10, 7,  11, 18, 22, 27, 34, 17 },
                                              { 7,  8,  10, 17, 23, 23, 12, 12 },
                                              { 11, 10, 14, 22, 23, 12, 12, 12 },
                                              { 18, 17, 22, 23, 12, 12, 12, 12 },
                                              { 22, 23, 23, 12, 12, 12, 12, 12 },
                                              { 27, 23, 12, 12, 12, 12, 12, 12 },
                                              { 34, 12, 12, 12, 12, 12, 12, 12 },
                                              { 17, 12, 12, 12, 12, 12, 12, 12 }
                                            };

  public static final int[][] Chrominance07 = { { 11, 14, 31, 34, 20, 20, 17, 17 },
                                                { 14, 19, 24, 14, 14, 12, 12, 12 },
                                                { 31, 24, 14, 14, 12, 12, 12, 12 },
                                                { 34, 14, 14, 12, 12, 12, 12, 12 },
                                                { 20, 14, 12, 12, 12, 12, 12, 12 },
                                                { 20, 12, 12, 12, 12, 12, 12, 12 },
                                                { 17, 12, 12, 12, 12, 12, 12, 12 },
                                                { 17, 12, 12, 12, 12, 12, 12, 12 }
                                              };
  
  public static final int[][] Luminance08 = { { 6,  4,  7,  11, 14, 17, 22, 17 },
                                              { 4,  5,  6,  10, 14, 19, 12, 12 },
                                              { 7,  6,  8,  14, 19, 12, 12, 12 },
                                              { 11, 10, 14, 19, 12, 12, 12, 12 },
                                              { 14, 14, 19, 12, 12, 12, 12, 12 },
                                              { 17, 19, 12, 12, 12, 12, 12, 12 },
                                              { 22, 12, 12, 12, 12, 12, 12, 12 },
                                              { 17, 12, 12, 12, 12, 12, 12, 12 }
                                            };

  public static final int[][] Chrominance08 = { { 7,  9,  19, 34, 20, 20, 17, 17 },
                                                { 9,  12, 19, 14, 14, 12, 12, 12 },
                                                { 19, 19, 14, 14, 12, 12, 12, 12 },
                                                { 34, 14, 14, 12, 12, 12, 12, 12 },
                                                { 20, 14, 12, 12, 12, 12, 12, 12 },
                                                { 20, 12, 12, 12, 12, 12, 12, 12 },
                                                { 17, 12, 12, 12, 12, 12, 12, 12 },
                                                { 17, 12, 12, 12, 12, 12, 12, 12 }
                                              };
  
  public static final int[][] Luminance09 = { { 4,  3,  4,  7,  9,  11, 14, 17 },
                                              { 3,  3,  4,  7,  9,  12, 12, 12 },
                                              { 4,  4,  5,  9,  12, 12, 12, 12 },
                                              { 7,  7,  9,  12, 12, 12, 12, 12 },
                                              { 9,  9,  12, 12, 12, 12, 12, 12 },
                                              { 11, 12, 12, 12, 12, 12, 12, 12 },
                                              { 14, 12, 12, 12, 12, 12, 12, 12 },
                                              { 17, 12, 12, 12, 12, 12, 12, 12 }
                                            };

  public static final int[][] Chrominance09 = { { 4, 6, 12, 22, 20, 20, 17, 17 },
                                              { 6, 8, 12, 14, 14, 12, 12, 12 },
                                              { 12, 12, 14, 14, 12, 12, 12, 12 },
                                              { 22, 14, 14, 12, 12, 12, 12, 12 },
                                              { 20, 14, 12, 12, 12, 12, 12, 12 },
                                              { 20, 12, 12, 12, 12, 12, 12, 12 },
                                              { 17, 12, 12, 12, 12, 12, 12, 12 },
                                              { 17, 12, 12, 12, 12, 12, 12, 12 } };
  
  public static final int[][] Luminance10 = { { 2,  2,  3,  4,  5,  6,  8,  11 },
                                              { 2,  2,  2,  4,  5,  7,  9,  11 },
                                              { 3,  2,  3,  5,  7,  9,  11, 12 },
                                              { 4,  4,  5,  7,  9,  11, 12, 12 },
                                              { 5,  5,  7,  9,  11, 12, 12, 12 },
                                              { 6,  7,  9,  11, 12, 12, 12, 12 },
                                              { 8,  9,  11, 12, 12, 12, 12, 12 },
                                              { 11, 11, 12, 12, 12, 12, 12, 12 }
                                            };

  public static final int[][] Chrominance10 = { { 3,  3,  7,  13, 15, 15, 15, 15 },
                                                { 3,  4,  7,  13, 14, 12, 12, 12 },
                                                { 7,  7,  13, 14, 12, 12, 12, 12 },
                                                { 13, 13, 14, 12, 12, 12, 12, 12 },
                                                { 15, 14, 12, 12, 12, 12, 12, 12 },
                                                { 15, 12, 12, 12, 12, 12, 12, 12 },
                                                { 15, 12, 12, 12, 12, 12, 12, 12 },
                                                { 15, 12, 12, 12, 12, 12, 12, 12 }
                                              };
  
  public static final int[][] Luminance11 = { { 1, 1, 1, 2, 3, 3, 4, 5 },
                                              { 1, 1, 1, 2, 3, 4, 4, 6 },
                                              { 1, 1, 2, 3, 4, 4, 5, 7 },
                                              { 2, 2, 3, 4, 4, 5, 7, 8 },
                                              { 3, 3, 4, 4, 5, 7, 8, 8 },
                                              { 3, 4, 4, 5, 7, 8, 8, 8 },
                                              { 4, 4, 5, 7, 8, 8, 8, 8 },
                                              { 5, 6, 7, 8, 8, 8, 8, 8 }
                                            };

  public static final int[][] Chrominance11 = { { 1, 2, 4, 7, 8, 8, 8, 8 },
                                                { 2, 2, 4, 7, 8, 8, 8, 8 },
                                                { 4, 4, 7, 8, 8, 8, 8, 8 },
                                                { 7, 7, 8, 8, 8, 8, 8, 8 },
                                                { 8, 8, 8, 8, 8, 8, 8, 8 },
                                                { 8, 8, 8, 8, 8, 8, 8, 8 },
                                                { 8, 8, 8, 8, 8, 8, 8, 8 },
                                                { 8, 8, 8, 8, 8, 8, 8, 8 }
                                              };

  public static final int[][] Luminance12 = { { 1, 1, 1, 1, 1, 1, 1, 2 },
                                              { 1, 1, 1, 1, 1, 1, 1, 2 },
                                              { 1, 1, 1, 1, 1, 1, 2, 2 },
                                              { 1, 1, 1, 1, 1, 2, 2, 3 },
                                              { 1, 1, 1, 1, 2, 2, 3, 3 },
                                              { 1, 1, 1, 2, 2, 3, 3, 3 },
                                              { 1, 1, 2, 2, 3, 3, 3, 3 },
                                              { 2, 2, 2, 3, 3, 3, 3, 3 }
                                            };
  
  public static final int[][] Chrominance12 = { { 1, 1, 1, 2, 3, 3, 3, 3 },
                                                { 1, 1, 1, 2, 3, 3, 3, 3 },
                                                { 1, 1, 2, 3, 3, 3, 3, 3 },
                                                { 2, 2, 3, 3, 3, 3, 3, 3 },
                                                { 3, 3, 3, 3, 3, 3, 3, 3 },
                                                { 3, 3, 3, 3, 3, 3, 3, 3 },
                                                { 3, 3, 3, 3, 3, 3, 3, 3 },
                                                { 3, 3, 3, 3, 3, 3, 3, 3 }
                                              };

  public static final int[][] JPEGLuminanceStandard = { { 16, 11, 10, 16, 24,  40,  51,  61  },
                                                        { 12, 12, 14, 19, 26,  58,  60,  55  },
                                                        { 14, 13, 16, 24, 40,  57,  69,  56  },
                                                        { 14, 17, 22, 29, 51,  87,  80,  62  },
                                                        { 18, 22, 37, 56, 68,  109, 103, 77  },
                                                        { 24, 35, 55, 64, 81,  104, 113, 92  },
                                                        { 49, 64, 78, 87, 103, 121, 120, 101 },
                                                        { 72, 92, 95, 98, 112, 100, 103, 99  }
                                                      };

public static final int[][] JPEGChrominanceStandard = { { 17, 18, 24, 47, 99, 99, 99, 99 },
                                                        { 18, 21, 26, 66, 99, 99, 99, 99 },
                                                        { 24, 26, 56, 99, 99, 99, 99, 99 },
                                                        { 47, 66, 99, 99, 99, 99, 99, 99 },
                                                        { 99, 99, 99, 99, 99, 99, 99, 99 },
                                                        { 99, 99, 99, 99, 99, 99, 99, 99 },
                                                        { 99, 99, 99, 99, 99, 99, 99, 99 },
                                                        { 99, 99, 99, 99, 99, 99, 99, 99 }
                                                      };

  /**
   * Returns the Luminance table depending of the enum value
   * 
   * @return returns the 8x8 Luminance table mapped for each enumerator element
   */
  public final int[][] getLuminanceTable() {
    switch (this) {
    case Q0:
      return Luminance00;
    case Q1:
      return Luminance01;
    case Q2:
      return Luminance02;
    case Q3:
      return Luminance03;
    case Q4:
      return Luminance04;
    case Q5:
      return Luminance05;
    case Q6:
      return Luminance06;
    case Q7:
      return Luminance07;
    case Q8:
      return Luminance08;
    case Q9:
      return Luminance09;
    case Q10:
      return Luminance10;
    case Q11:
      return Luminance11;
    case Q12:
      return Luminance12;
    case MAX:
      return Luminance12;
    case MIN:
      return Luminance00;
    case DEFAULT:
      return Luminance09;
    case JPEGStandard:
      return JPEGLuminanceStandard;
    default:
      return Luminance07;
    }
  }

  /**
   * Returns the Chrominance table depending of the enum value
   * 
   * @return returns the 8x8 Chrominance table mapped for each enumerator element
   */
  public final int[][] getChrominanceTable() {
    switch (this) {
    case Q0:
      return Chrominance00;
    case Q1:
      return Chrominance01;
    case Q2:
      return Chrominance02;
    case Q3:
      return Chrominance03;
    case Q4:
      return Chrominance04;
    case Q5:
      return Chrominance05;
    case Q6:
      return Chrominance06;
    case Q7:
      return Chrominance07;
    case Q8:
      return Chrominance08;
    case Q9:
      return Chrominance09;
    case Q10:
      return Chrominance10;
    case Q11:
      return Chrominance11;
    case Q12:
      return Chrominance12;
    case MAX:
      return Chrominance12;
    case MIN:
      return Chrominance00;
    case DEFAULT:
      return Chrominance06;
    case JPEGStandard:
      return JPEGChrominanceStandard;
    default:
      return Chrominance07;
    }
  }
}